451
682
459
754
625
838
328
241
419
396
178
372
883
414
5
999
58
610
458
500
586
582
720
691
272
650
70
771
830
366
920
129
947
499
388
41
484
419
603
211
213
657
363
395
892
959
253
611
774
521
523
317
834
388
736
227
437
774
51
665
117
78
568
589
113
99
72
620
769
711
935
983
850
933
17
582
667
848
67
770
731
486
886
194
183
859
358
493
280
270
33
340
389
367
246
837
134
146
432
130
468
825
53
912
260
964
228
150
24
688
826
564
930
446
640
266
853
498
66
492
869
750
31
724
333
847
316
560
339
966
236
691
177
520
344
369
797
646
329
890
701
349
208
946
30
125
517
710
801
889
310
420
373
288
557
220
107
8
461
869
637
276
718
218
302
437
947
378
602
521
13
872
836
179
688
481
810
78
186
782
672
177
37
201
357
763
280
275
221
736
458
631
253
851
263
841
646
308
921
291
959
343
226
460
489
89
271
11
171
872
804
629
959
980
136
460
803
120
264
508
813
240
768
998
928
958
363
398
720
166
1000
723
12
849
895
339
471
691
647
854
693
463
394
669
192
822
950
870
623
791
478
450
743
875
102
726
571
479
506
882
124
752
759
190
346
123
807
649
277
928
445
717
298
576
219
101
223
211
281
119
359
150
82
294
749
242
364
842
229
758
282
105
569
794
840
346
15
449
671
952
988
839
2
978
246
919
485
239
492
569
719
855
986
515
727
750
900
222
176
728
752
350
980
49
976
77
560
901
337
924
627
116
583
458
102
769
598
125
927
117
372
612
602
181
688
998
191
948
975
71
234
485
373
692
47
390
168
180
24
792
796
761
68
655
521
662
785
442
934
986
132
799
494
270
977
554
444
181
429
997
613
166
478
999
900
553
252
464
849
389
378
591
725
533
921
688
555
213
350
207
248
256
952
392
83
927
918
584
158
559
64
108
890
429
190
782
608
969
806
988
998
619
651
368
547
298
669
527
165
632
815
914
125
264
807
400
755
587
865
703
238
942
86
118
561
103
503
938
530
30
225
945
440
751
442
474
543
697
794
618
961
797
43
905
756
615
959
202
945
298
269
631
386
105
517
30
149
562
161
980
915
794
99
759
643
42
112
517
158
103
805
369
434
970
418
563
550
17
379
679
122
559
871
849
312
992
432
603
645
100
127
358
508
797
710
870
342
65
446
822
377
211
181
755
878
377
651
272
492
766
286
623
940
404
920
898
433
56
258
322
29
332
210
508
263
653
257
203
901
509
380
473
619
988
860
444
444
765
527
787
26
808
56
79
953
96
663
661
209
932
826
23
689
143
448
628
126
252
368
775
540
589
54
975
327
901
641
128
828
304
841
401
588
988
975
440
486
284
736
171
401
282
199
750
646
159
24
650
891
10
483
183
272
933
197
289
347
981
646
962
790
774
95
569
356
553
311
873
393
952
361
282
218
654
870
180
161
789
263
679
957
261
853
865
679
402
70
514
933
582
204
22
579
882
800
735
68
557
399
247
550
611
838
197
755
626
963
803
237
224
188
957
465
623
483
296
497
631
522
832
311
323
214
877
286
777
113
802
122
686
793
935
889
579
971
433
363
263
747
140
657
313
728
811
894
983
783
904
369
835
929
678
718
90
72
118
592
740
533
508
790
228
529
834
998
986
147
228
565
716
752
462
630
413
666
492
504
786
738
228
8
303
473
258
647
837
203
316
250
342
812
923
285
458
466
925
199
780
504
543
193
46
120
434
525
951
170
610
197
134
395
93
950
257
746
537
508
203
252
465
769
302
403
900
911
144
495
823
784
845
857
616
137
379
573
388
276
892
126
718
380
386
797
235
379
565
723
233
439
746
931
263
431
965
675
468
239
878
443
982
492
947
995
814
663
431
404
727
582
900
985
45
526
254
698
431
30
808
242
52
204
561
854
948
94
830
770
332
425
45
447
564
613
977
937
296
757
347
151
67
40
623
523
350
288
228
301
868
788
302
498
361
868
413
439
852
380
991
3
79
211
830
566
910
691
438
400
697
487
88
178
840
613
390
389
83
921
692
805
328
556
989
746
761
892
387
353
986
402
850
555
694
357
360
364
881
816
855
61
304
888
746
799
843
980
67
713
797
628
902
877
108
561
812
183
492
253
70
644
972
394
949
244
19
298
515
637
751
512
834
952
859
377
55
973
900
96
689
642
762
905
908
807
665
459
95
135
41
990
645
321
894
465
755
968
708
993
736
15
717
642
860
17
982
597
587
63
153
57
932
960
902
740
853
695
896
930
468
503
201